animations = [
    {
        node = "j_head"
        parameter = "matrix"
        stream = {
            channels = [
                {
                    index = 0
                    name = "local_tm"
                    type = "CT_MATRIX4x4"
                }
            ]
            data = [
                0.916479 -0.054460 -0.396359 0.000000 0.091760 0.992896 0.075747 0.000000 0.389418 -0.105790 0.914965 0.000000   0.166586 0.000000 0.000000 1.000000
                0.915967 -0.060161 -0.396718 0.000000 0.102346 0.991023 0.086016 0.000000 0.387982 -0.119390 0.913901 0.000000   0.166586 -0.000000 0.000000 1.000000
                0.915128 -0.066093 -0.397710 0.000000 0.113626 0.988764 0.097136 0.000000 0.386821 -0.134082 0.912355 0.000000   0.166586 -0.000000 0.000000 1.000000
                0.914001 -0.072187 -0.399238 0.000000 0.125442 0.986108 0.108883 0.000000 0.385832 -0.149600 0.910359 0.000000   0.166586 0.000000 0.000000 1.000000
                0.912633 -0.078376 -0.401196 0.000000 0.137632 0.983060 0.121036 0.000000 0.384914 -0.165678 0.907960 0.000000   0.166586 -0.000000 0.000000 1.000000
                0.911073 -0.084594 -0.403472 0.000000 0.150029 0.979643 0.133381 0.000000 0.383975 -0.182053 0.905218 0.000000   0.166586 -0.000000 0.000000 1.000000
                0.909380 -0.090776 -0.405941 0.000000 0.162462 0.975896 0.145716 0.000000 0.382929 -0.198461 0.902208 0.000000   0.166586 -0.000000 0.000000 1.000000
                0.907617 -0.096860 -0.408473 0.000000 0.174756 0.971877 0.157844 0.000000 0.381697 -0.214645 0.899019 0.000000   0.166586 -0.000000 0.000000 1.000000
                0.905855 -0.102789 -0.410927 0.000000 0.186730 0.967664 0.169581 0.000000 0.380208 -0.230348 0.895757 0.000000   0.166586 0.000000 0.000000 1.000000
                0.904173 -0.108509 -0.413155 0.000000 0.198204 0.963350 0.180753 0.000000 0.378399 -0.245321 0.892542 0.000000   0.166586 0.000000 0.000000 1.000000
                0.902655 -0.113970 -0.415001 0.000000 0.208993 0.959044 0.191196 0.000000 0.376213 -0.259317 0.889505 0.000000   0.166586 0.000000 0.000000 1.000000
                0.901388 -0.119127 -0.416303 0.000000 0.218913 0.954869 0.200755 0.000000 0.373599 -0.272092 0.886786 0.000000   0.166586 0.000000 0.000000 1.000000
                0.900465 -0.123941 -0.416894 0.000000 0.227782 0.950956 0.209279 0.000000 0.370510 -0.283410 0.884534 0.000000   0.166586 -0.000000 0.000000 1.000000
                0.899979 -0.128373 -0.416603 0.000000 0.235420 0.947445 0.216624 0.000000 0.366899 -0.293033 0.882902 0.000000   0.166586 0.000000 0.000000 1.000000
                0.900021 -0.132391 -0.415252 0.000000 0.241653 0.944476 0.222643 0.000000 0.362719 -0.300730 0.882041 0.000000   0.166586 0.000000 0.000000 1.000000
                0.900679 -0.135961 -0.412664 0.000000 0.246315 0.942187 0.227184 0.000000 0.357919 -0.306266 0.882097 0.000000   0.166586 0.000000 0.000000 1.000000
                0.902033 -0.139048 -0.408659 0.000000 0.249249 0.940710 0.230087 0.000000 0.352436 -0.309404 0.883209 0.000000   0.166586 -0.000000 0.000000 1.000000
                0.904515 -0.141443 -0.402302 0.000000 0.249690 0.940430 0.230750 0.000000 0.345698 -0.309168 0.885950 0.000000   0.166586 0.000000 0.000000 1.000000
                0.908290 -0.143053 -0.393122 0.000000 0.247359 0.941495 0.228912 0.000000 0.337375 -0.305161 0.890536 0.000000   0.166586 0.000000 0.000000 1.000000
                0.913019 -0.144012 -0.381650 0.000000 0.242848 0.943636 0.224891 0.000000 0.327751 -0.298012 0.896531 0.000000   0.166586 0.000000 0.000000 1.000000
                0.918363 -0.144448 -0.368435 0.000000 0.236744 0.946568 0.218999 0.000000 0.317115 -0.288345 0.903491 0.000000   0.166586 0.000000 0.000000 1.000000
                0.924002 -0.144488 -0.354038 0.000000 0.229619 0.950006 0.211572 0.000000 0.305769 -0.276787 0.910985 0.000000   0.166586 0.000000 0.000000 1.000000
                0.929647 -0.144263 -0.339034 0.000000 0.222018 0.953681 0.202982 0.000000 0.294047 -0.263973 0.918616 0.000000   0.166586 -0.000000 0.000000 1.000000
                0.935047 -0.143913 -0.324002 0.000000 0.214444 0.957348 0.193643 0.000000 0.282315 -0.250546 0.926027 0.000000   0.166586 -0.000000 0.000000 1.000000
                0.939988 -0.143586 -0.309524 0.000000 0.207361 0.960800 0.184023 0.000000 0.270968 -0.237163 0.932915 0.000000   0.166586 0.000000 0.000000 1.000000
                0.944300 -0.143440 -0.296181 0.000000 0.201184 0.963862 0.174628 0.000000 0.260429 -0.224488 0.939032 0.000000   0.166586 -0.000000 0.000000 1.000000
                0.947844 -0.143638 -0.284534 0.000000 0.196282 0.966393 0.166006 0.000000 0.251126 -0.213197 0.944184 0.000000   0.166586 0.000000 0.000000 1.000000
                0.950506 -0.144349 -0.275140 0.000000 0.192993 0.968277 0.158723 0.000000 0.243500 -0.203967 0.948212 0.000000   0.166586 -0.000000 0.000000 1.000000
                0.952175 -0.145743 -0.268555 0.000000 0.191633 0.969412 0.153350 0.000000 0.237991 -0.197480 0.950979 0.000000   0.166586 0.000000 0.000000 1.000000
                0.952729 -0.147988 -0.265342 0.000000 0.192522 0.969692 0.150441 0.000000 0.235037 -0.194414 0.952345 0.000000   0.166586 -0.000000 0.000000 1.000000
                0.952259 -0.151047 -0.265305 0.000000 0.195462 0.969208 0.149769 0.000000 0.234514 -0.194477 0.952461 0.000000   0.166586 -0.000000 0.000000 1.000000
                0.950998 -0.154721 -0.267701 0.000000 0.199910 0.968170 0.150609 0.000000 0.235878 -0.196745 0.951658 0.000000   0.166586 -0.000000 0.000000 1.000000
                0.949005 -0.158925 -0.272271 0.000000 0.205695 0.966624 0.152733 0.000000 0.238911 -0.200950 0.950021 0.000000   0.166586 -0.000000 0.000000 1.000000
                0.946329 -0.163572 -0.278757 0.000000 0.212657 0.964609 0.155908 0.000000 0.243390 -0.206820 0.947622 0.000000   0.166586 0.000000 0.000000 1.000000
                0.943013 -0.168574 -0.286896 0.000000 0.220642 0.962160 0.159892 0.000000 0.249086 -0.214082 0.944524 0.000000   0.166586 0.000000 0.000000 1.000000
                0.939102 -0.173845 -0.296420 0.000000 0.229494 0.959316 0.164451 0.000000 0.255772 -0.222463 0.940793 0.000000   0.166586 0.000000 0.000000 1.000000
                0.934649 -0.179297 -0.307058 0.000000 0.239054 0.956123 0.169357 0.000000 0.263220 -0.231692 0.936501 0.000000   0.166586 0.000000 0.000000 1.000000
                0.929715 -0.184847 -0.318532 0.000000 0.249153 0.952633 0.174392 0.000000 0.271208 -0.241498 0.931732 0.000000   0.166586 -0.000000 0.000000 1.000000
                0.924377 -0.190416 -0.330560 0.000000 0.259610 0.948912 0.179359 0.000000 0.279519 -0.251612 0.926585 0.000000   0.166586 -0.000000 0.000000 1.000000
                0.918729 -0.195929 -0.342855 0.000000 0.270234 0.945034 0.184077 0.000000 0.287944 -0.261768 0.921176 0.000000   0.166586 -0.000000 0.000000 1.000000
                0.912883 -0.201315 -0.355129 0.000000 0.280822 0.941090 0.188386 0.000000 0.296283 -0.271703 0.915638 0.000000   0.166586 0.000000 0.000000 1.000000
                0.906972 -0.206511 -0.367091 0.000000 0.291160 0.937179 0.192150 0.000000 0.304349 -0.281157 0.910122 0.000000   0.166586 0.000000 0.000000 1.000000
                0.901145 -0.211456 -0.378449 0.000000 0.301027 0.933412 0.195253 0.000000 0.311962 -0.289875 0.904794 0.000000   0.166586 0.000000 0.000000 1.000000
                0.895571 -0.216098 -0.388913 0.000000 0.310194 0.929911 0.197600 0.000000 0.318954 -0.297603 0.899834 0.000000   0.166586 0.000000 0.000000 1.000000
                0.890433 -0.220387 -0.398194 0.000000 0.318429 0.926800 0.199111 0.000000 0.325165 -0.304091 0.895431 0.000000   0.166586 0.000000 0.000000 1.000000
                0.885922 -0.224278 -0.406006 0.000000 0.325499 0.924209 0.199719 0.000000 0.330442 -0.309090 0.891780 0.000000   0.166586 0.000000 0.000000 1.000000
                0.882238 -0.227727 -0.412063 0.000000 0.331175 0.922268 0.199363 0.000000 0.334632 -0.312351 0.889077 0.000000   0.166586 0.000000 0.000000 1.000000
                0.879579 -0.230687 -0.416083 0.000000 0.335231 0.921100 0.197980 0.000000 0.337583 -0.313623 0.887513 0.000000   0.166586 -0.000000 0.000000 1.000000
                0.877997 -0.233462 -0.417873 0.000000 0.337912 0.920618 0.195649 0.000000 0.339025 -0.312983 0.887189 0.000000   0.166586 0.000000 0.000000 1.000000
                0.878247 -0.236376 -0.415703 0.000000 0.339262 0.920624 0.193270 0.000000 0.337021 -0.310771 0.888728 0.000000   0.166586 0.000000 0.000000 1.000000
                0.879287 -0.239297 -0.411815 0.000000 0.339762 0.921073 0.190227 0.000000 0.333791 -0.307183 0.891191 0.000000   0.166586 0.000000 0.000000 1.000000
                0.880970 -0.242139 -0.406522 0.000000 0.339495 0.921915 0.186589 0.000000 0.329599 -0.302391 0.894385 0.000000   0.166586 -0.000000 0.000000 1.000000
                0.883150 -0.244813 -0.400141 0.000000 0.338538 0.923101 0.182418 0.000000 0.324712 -0.296566 0.898115 0.000000   0.166586 0.000000 0.000000 1.000000
                0.885684 -0.247227 -0.392993 0.000000 0.336967 0.924580 0.177777 0.000000 0.319402 -0.289880 0.902193 0.000000   0.166586 -0.000000 0.000000 1.000000
                0.888434 -0.249291 -0.385407 0.000000 0.334847 0.926306 0.172725 0.000000 0.313946 -0.282507 0.906437 0.000000   0.166586 -0.000000 0.000000 1.000000
                0.891275 -0.250914 -0.377718 0.000000 0.332232 0.928237 0.167325 0.000000 0.308628 -0.274622 0.910676 0.000000   0.166586 0.000000 0.000000 1.000000
                0.894087 -0.252006 -0.370271 0.000000 0.329164 0.930335 0.161642 0.000000 0.303741 -0.266402 0.914752 0.000000   0.166586 0.000000 0.000000 1.000000
                0.896763 -0.252476 -0.363417 0.000000 0.325674 0.932566 0.155750 0.000000 0.299588 -0.258026 0.918515 0.000000   0.166586 0.000000 0.000000 1.000000
                0.899200 -0.252234 -0.357515 0.000000 0.321778 0.934901 0.149727 0.000000 0.296475 -0.249675 0.921827 0.000000   0.166586 0.000000 0.000000 1.000000
                0.901303 -0.251192 -0.352924 0.000000 0.317483 0.937318 0.143662 0.000000 0.294715 -0.241531 0.924557 0.000000   0.166586 0.000000 0.000000 1.000000
                0.902973 -0.249263 -0.350010 0.000000 0.312786 0.939796 0.137656 0.000000 0.294625 -0.233778 0.926576 0.000000   0.166586 -0.000000 0.000000 1.000000
                0.904108 -0.246358 -0.349135 0.000000 0.307675 0.942316 0.131822 0.000000 0.296520 -0.226602 0.927754 0.000000   0.166586 0.000000 0.000000 1.000000
                0.904636 -0.242194 -0.350679 0.000000 0.301719 0.945085 0.125620 0.000000 0.300998 -0.219447 0.928032 0.000000   0.166586 -0.000000 0.000000 1.000000
                0.904592 -0.236654 -0.354553 0.000000 0.294558 0.948246 0.118597 0.000000 0.308137 -0.211719 0.927484 0.000000   0.166586 0.000000 0.000000 1.000000
                0.904018 -0.229910 -0.360406 0.000000 0.286294 0.951688 0.111019 0.000000 0.317470 -0.203545 0.926165 0.000000   0.166586 0.000000 0.000000 1.000000
                0.902950 -0.222138 -0.367880 0.000000 0.277043 0.955305 0.103147 0.000000 0.328525 -0.195055 0.924135 0.000000   0.166586 0.000000 0.000000 1.000000
                0.901431 -0.213517 -0.376606 0.000000 0.266940 0.958996 0.095233 0.000000 0.340830 -0.186377 0.921465 0.000000   0.166586 -0.000000 0.000000 1.000000
                0.899519 -0.204233 -0.386204 0.000000 0.256144 0.962669 0.087513 0.000000 0.353914 -0.177643 0.918252 0.000000   0.166586 0.000000 0.000000 1.000000
                0.897294 -0.194475 -0.396286 0.000000 0.244837 0.966242 0.080198 0.000000 0.367312 -0.168987 0.914618 0.000000   0.166586 -0.000000 0.000000 1.000000
                0.894861 -0.184441 -0.406455 0.000000 0.233227 0.969643 0.073472 0.000000 0.380565 -0.160543 0.910712 0.000000   0.166586 -0.000000 0.000000 1.000000
                0.892354 -0.174335 -0.416307 0.000000 0.221538 0.972814 0.067487 0.000000 0.393224 -0.152450 0.906716 0.000000   0.166586 0.000000 0.000000 1.000000
                0.889938 -0.164362 -0.425435 0.000000 0.210014 0.975707 0.062362 0.000000 0.404850 -0.144846 0.902838 0.000000   0.166586 0.000000 0.000000 1.000000
                0.887806 -0.154734 -0.433427 0.000000 0.198911 0.978289 0.058187 0.000000 0.415013 -0.137872 0.899308 0.000000   0.166586 0.000000 0.000000 1.000000
                0.886171 -0.145664 -0.439867 0.000000 0.188487 0.980533 0.055023 0.000000 0.423289 -0.131669 0.896376 0.000000   0.166586 -0.000000 0.000000 1.000000
                0.885272 -0.137369 -0.444323 0.000000 0.179003 0.982424 0.052915 0.000000 0.429245 -0.126380 0.894303 0.000000   0.166586 -0.000000 0.000000 1.000000
                0.885353 -0.130065 -0.446356 0.000000 0.170713 0.983953 0.051896 0.000000 0.432444 -0.122145 0.893349 0.000000   0.166586 0.000000 0.000000 1.000000
                0.887028 -0.123357 -0.444932 0.000000 0.163366 0.985165 0.052556 0.000000 0.431848 -0.119305 0.894021 0.000000   0.166586 0.000000 0.000000 1.000000
                0.890429 -0.116780 -0.439885 0.000000 0.156546 0.986133 0.055090 0.000000 0.427351 -0.117916 0.896363 0.000000   0.166586 0.000000 0.000000 1.000000
                0.895047 -0.110438 -0.432081 0.000000 0.150233 0.986891 0.058961 0.000000 0.419905 -0.117686 0.899905 0.000000   0.166586 0.000000 0.000000 1.000000
                0.900373 -0.104433 -0.422400 0.000000 0.144406 0.987468 0.063672 0.000000 0.410457 -0.118325 0.904170 0.000000   0.166586 -0.000000 0.000000 1.000000
                0.905918 -0.098869 -0.411748 0.000000 0.139065 0.987894 0.068753 0.000000 0.399966 -0.119544 0.908700 0.000000   0.166586 0.000000 0.000000 1.000000
                0.911230 -0.093850 -0.401063 0.000000 0.134243 0.988199 0.073764 0.000000 0.389408 -0.121055 0.913076 0.000000   0.166586 0.000000 0.000000 1.000000
                0.915897 -0.089480 -0.391313 0.000000 0.130011 0.988417 0.078282 0.000000 0.379776 -0.122574 0.916922 0.000000   0.166586 -0.000000 0.000000 1.000000
                0.919544 -0.085866 -0.383492 0.000000 0.126471 0.988583 0.081906 0.000000 0.372080 -0.123816 0.919905 0.000000   0.166586 -0.000000 0.000000 1.000000
                0.921819 -0.083115 -0.378605 0.000000 0.123745 0.988732 0.084238 0.000000 0.367338 -0.124502 0.921717 0.000000   0.166586 0.000000 0.000000 1.000000
                0.922365 -0.081333 -0.377660 0.000000 0.121955 0.988899 0.084883 0.000000 0.366564 -0.124351 0.922045 0.000000   0.166586 -0.000000 0.000000 1.000000
                0.921094 -0.080574 -0.380911 0.000000 0.121177 0.989087 0.083801 0.000000 0.370002 -0.123347 0.920806 0.000000   0.166586 0.000000 0.000000 1.000000
                0.918330 -0.080747 -0.387491 0.000000 0.121329 0.989270 0.081394 0.000000 0.376761 -0.121761 0.918273 0.000000   0.166586 0.000000 0.000000 1.000000
                0.914302 -0.081740 -0.396700 0.000000 0.122261 0.989435 0.077910 0.000000 0.386141 -0.119734 0.914636 0.000000   0.166586 -0.000000 0.000000 1.000000
                0.909235 -0.083445 -0.407835 0.000000 0.123826 0.989572 0.073588 0.000000 0.397441 -0.117409 0.910086 0.000000   0.166586 -0.000000 0.000000 1.000000
                0.903372 -0.085751 -0.420197 0.000000 0.125883 0.989666 0.068669 0.000000 0.409966 -0.114929 0.904831 0.000000   0.166586 0.000000 0.000000 1.000000
                0.896984 -0.088549 -0.433103 0.000000 0.128312 0.989706 0.063395 0.000000 0.423031 -0.112437 0.899112 0.000000   0.166586 0.000000 0.000000 1.000000
                0.890376 -0.091732 -0.445888 0.000000 0.131019 0.989681 0.058020 0.000000 0.435965 -0.110079 0.893206 0.000000   0.166586 -0.000000 0.000000 1.000000
                0.883887 -0.095193 -0.457911 0.000000 0.133934 0.989582 0.052806 0.000000 0.448114 -0.108005 0.887428 0.000000   0.166586 0.000000 0.000000 1.000000
                0.877889 -0.098828 -0.468554 0.000000 0.137016 0.989404 0.048028 0.000000 0.458843 -0.106363 0.882128 0.000000   0.166586 -0.000000 0.000000 1.000000
                0.872782 -0.102531 -0.477220 0.000000 0.140243 0.989140 0.043971 0.000000 0.467529 -0.105304 0.877683 0.000000   0.166586 -0.000000 0.000000 1.000000
                0.868975 -0.106199 -0.483327 0.000000 0.143610 0.988787 0.040935 0.000000 0.473560 -0.104982 0.874482 0.000000   0.166586 0.000000 0.000000 1.000000
                0.867934 -0.109775 -0.484397 0.000000 0.147057 0.988338 0.039515 0.000000 0.474410 -0.105530 0.873956 0.000000   0.166586 -0.000000 0.000000 1.000000
                0.868640 -0.114041 -0.482140 0.000000 0.151920 0.987579 0.040111 0.000000 0.471577 -0.108089 0.875176 0.000000   0.166586 0.000000 0.000000 1.000000
                0.870660 -0.119584 -0.477128 0.000000 0.158943 0.986359 0.042824 0.000000 0.465498 -0.113122 0.877790 0.000000   0.166586 -0.000000 0.000000 1.000000
                0.873671 -0.125932 -0.469935 0.000000 0.167295 0.984780 0.047124 0.000000 0.456849 -0.119788 0.881442 0.000000   0.166586 0.000000 0.000000 1.000000
                0.877371 -0.132620 -0.461121 0.000000 0.176151 0.982964 0.052456 0.000000 0.446308 -0.127250 0.885786 0.000000   0.166586 0.000000 0.000000 1.000000
                0.881490 -0.139188 -0.451223 0.000000 0.184715 0.981066 0.058225 0.000000 0.434576 -0.134672 0.890510 0.000000   0.166586 0.000000 0.000000 1.000000
                0.885804 -0.145183 -0.440764 0.000000 0.192236 0.979274 0.063774 0.000000 0.422369 -0.141222 0.895355 0.000000   0.166586 -0.000000 0.000000 1.000000
                0.890133 -0.150166 -0.430247 0.000000 0.198015 0.977810 0.068393 0.000000 0.410430 -0.146075 0.900117 0.000000   0.166586 -0.000000 0.000000 1.000000
                0.894332 -0.153701 -0.420173 0.000000 0.201400 0.976909 0.071319 0.000000 0.399509 -0.148406 0.904637 0.000000   0.166586 -0.000000 0.000000 1.000000
                0.898277 -0.155354 -0.411051 0.000000 0.201770 0.976801 0.071756 0.000000 0.390367 -0.147394 0.908784 0.000000   0.166586 0.000000 0.000000 1.000000
                0.901846 -0.154682 -0.403420 0.000000 0.198506 0.977675 0.068894 0.000000 0.383757 -0.142213 0.912418 0.000000   0.166586 0.000000 0.000000 1.000000
                0.905119 -0.150935 -0.397465 0.000000 0.189913 0.979945 0.060347 0.000000 0.380385 -0.130105 0.915631 0.000000   0.166586 -0.000000 0.000000 1.000000
                0.908269 -0.144159 -0.392767 0.000000 0.176003 0.983310 0.046096 0.000000 0.379567 -0.110996 0.918482 0.000000   0.166586 -0.000000 0.000000 1.000000
                0.911280 -0.135119 -0.388987 0.000000 0.158685 0.986905 0.028938 0.000000 0.379983 -0.088097 0.920789 0.000000   0.166586 0.000000 0.000000 1.000000
                0.914182 -0.124628 -0.385667 0.000000 0.139910 0.990095 0.011693 0.000000 0.380389 -0.064648 0.922564 0.000000   0.166586 0.000000 0.000000 1.000000
                0.917091 -0.113551 -0.382165 0.000000 0.121716 0.992561 -0.002830 0.000000 0.379644 -0.043920 0.924090 0.000000   0.166586 0.000000 0.000000 1.000000
                0.920229 -0.102791 -0.377641 0.000000 0.106195 0.994275 -0.011859 0.000000 0.376698 -0.029191 0.925876 0.000000   0.166586 -0.000000 0.000000 1.000000
                0.923640 -0.092007 -0.372055 0.000000 0.092632 0.995568 -0.016236 0.000000 0.371900 -0.019468 0.928069 0.000000   0.166586 0.000000 0.000000 1.000000
                0.927116 -0.080371 -0.366056 0.000000 0.078978 0.996699 -0.018805 0.000000 0.366359 -0.011476 0.930403 0.000000   0.166586 -0.000000 0.000000 1.000000
                0.930586 -0.068055 -0.359692 0.000000 0.065309 0.997669 -0.019799 0.000000 0.360201 -0.005067 0.932861 0.000000   0.166586 -0.000000 0.000000 1.000000
                0.933988 -0.055231 -0.353010 0.000000 0.051695 0.998474 -0.019444 0.000000 0.353545 -0.000088 0.935418 0.000000   0.166586 0.000000 0.000000 1.000000
                0.937268 -0.042070 -0.346062 0.000000 0.038214 0.999108 -0.017961 0.000000 0.346509 0.003610 0.938040 0.000000   0.166586 0.000000 0.000000 1.000000
                0.940380 -0.028742 -0.338908 0.000000 0.024944 0.999568 -0.015559 0.000000 0.339209 0.006178 0.940691 0.000000   0.166586 -0.000000 0.000000 1.000000
                0.943288 -0.015420 -0.331618 0.000000 0.011971 0.999851 -0.012442 0.000000 0.331761 0.007766 0.943332 0.000000   0.166586 -0.000000 0.000000 1.000000
                0.945962 -0.002275 -0.324268 0.000000 -0.000613 0.999961 -0.008803 0.000000 0.324276 0.008526 0.945924 0.000000   0.166586 -0.000000 0.000000 1.000000
                0.948390 0.010521 -0.316932 0.000000 -0.012706 0.999908 -0.004829 0.000000 0.316852 0.008607 0.948436 0.000000   0.166586 -0.000000 0.000000 1.000000
                0.950564 0.022796 -0.309691 0.000000 -0.024202 0.999707 -0.000699 0.000000 0.309585 0.008159 0.950837 0.000000   0.166586 -0.000000 0.000000 1.000000
                0.952485 0.034378 -0.302639 0.000000 -0.034985 0.999382 0.003416 0.000000 0.302570 0.007334 0.953099 0.000000   0.166586 0.000000 0.000000 1.000000
                0.954160 0.045096 -0.295880 0.000000 -0.044934 0.998963 0.007351 0.000000 0.295905 0.006281 0.955197 0.000000   0.166586 -0.000000 0.000000 1.000000
                0.955601 0.054779 -0.289527 0.000000 -0.053920 0.998485 0.010948 0.000000 0.289688 0.005149 0.957107 0.000000   0.166586 -0.000000 0.000000 1.000000
                0.956824 0.063257 -0.283700 0.000000 -0.061812 0.997989 0.014054 0.000000 0.284019 0.004089 0.958810 0.000000   0.166586 -0.000000 0.000000 1.000000
                0.958406 0.069941 -0.276706 0.000000 -0.067630 0.997550 0.017896 0.000000 0.277280 0.001562 0.960788 0.000000   0.166586 0.000000 0.000000 1.000000
                0.960439 0.074674 -0.268292 0.000000 -0.071061 0.997203 0.023168 0.000000 0.269272 -0.003186 0.963059 0.000000   0.166586 0.000000 0.000000 1.000000
                0.962245 0.077941 -0.260787 0.000000 -0.072906 0.996919 0.028940 0.000000 0.262239 -0.008834 0.964963 0.000000   0.166586 0.000000 0.000000 1.000000
                0.963195 0.080219 -0.256553 0.000000 -0.073878 0.996678 0.034277 0.000000 0.258451 -0.014062 0.965922 0.000000   0.166586 -0.000000 0.000000 1.000000
                0.962669 0.081994 -0.257964 0.000000 -0.074629 0.996478 0.038228 0.000000 0.260190 -0.017549 0.965398 0.000000   0.166586 -0.000000 0.000000 1.000000
                0.960582 0.083025 -0.265310 0.000000 -0.074850 0.996360 0.040797 0.000000 0.267732 -0.019331 0.963300 0.000000   0.166586 0.000000 0.000000 1.000000
                0.957366 0.082956 -0.276710 0.000000 -0.073993 0.996344 0.042695 0.000000 0.279240 -0.020400 0.960005 0.000000   0.166586 -0.000000 0.000000 1.000000
                0.953118 0.082089 -0.291251 0.000000 -0.072368 0.996406 0.044011 0.000000 0.293817 -0.020870 0.955634 0.000000   0.166586 -0.000000 0.000000 1.000000
                0.947949 0.080726 -0.308020 0.000000 -0.070291 0.996518 0.044843 0.000000 0.310568 -0.020858 0.950322 0.000000   0.166586 -0.000000 0.000000 1.000000
                0.942011 0.079167 -0.326109 0.000000 -0.068075 0.996651 0.045307 0.000000 0.328604 -0.020480 0.944246 0.000000   0.166586 -0.000000 0.000000 1.000000
                0.935519 0.077710 -0.344624 0.000000 -0.066022 0.996778 0.045543 0.000000 0.347053 -0.019854 0.937635 0.000000   0.166586 0.000000 0.000000 1.000000
                0.928751 0.076650 -0.362693 0.000000 -0.064417 0.996875 0.045723 0.000000 0.365065 -0.019102 0.930786 0.000000   0.166586 -0.000000 0.000000 1.000000
                0.922054 0.076278 -0.379470 0.000000 -0.063522 0.996918 0.046043 0.000000 0.381813 -0.018350 0.924058 0.000000   0.166586 -0.000000 0.000000 1.000000
                0.915832 0.076883 -0.394133 0.000000 -0.063583 0.996883 0.046716 0.000000 0.396496 -0.017724 0.917865 0.000000   0.166586 0.000000 0.000000 1.000000
                0.910527 0.078754 -0.405880 0.000000 -0.064833 0.996743 0.047959 0.000000 0.408335 -0.017353 0.912667 0.000000   0.166586 0.000000 0.000000 1.000000
                0.905789 0.082030 -0.415714 0.000000 -0.067314 0.996480 0.049961 0.000000 0.418349 -0.017271 0.908122 0.000000   0.166586 -0.000000 0.000000 1.000000
                0.901007 0.086511 -0.425092 0.000000 -0.070785 0.996099 0.052684 0.000000 0.427991 -0.017379 0.903616 0.000000   0.166586 0.000000 0.000000 1.000000
                0.897203 0.091918 -0.431947 0.000000 -0.075143 0.995611 0.055784 0.000000 0.435179 -0.017592 0.900172 0.000000   0.166586 -0.000000 0.000000 1.000000
                0.893528 0.098067 -0.438167 0.000000 -0.080131 0.995019 0.059292 0.000000 0.441799 -0.017868 0.896936 0.000000   0.166586 0.000000 0.000000 1.000000
                0.890051 0.104731 -0.443668 0.000000 -0.085577 0.994335 0.063043 0.000000 0.447757 -0.018144 0.893971 0.000000   0.166586 0.000000 0.000000 1.000000
                0.886842 0.111678 -0.448373 0.000000 -0.091313 0.993575 0.066865 0.000000 0.452959 -0.018356 0.891342 0.000000   0.166586 -0.000000 0.000000 1.000000
                0.883980 0.118681 -0.452211 0.000000 -0.097182 0.992761 0.070576 0.000000 0.457313 -0.018441 0.889114 0.000000   0.166586 -0.000000 0.000000 1.000000
                0.881543 0.125511 -0.455115 0.000000 -0.103027 0.991923 0.073990 0.000000 0.460726 -0.018336 0.887353 0.000000   0.166586 0.000000 0.000000 1.000000
                0.879614 0.131940 -0.457025 0.000000 -0.108698 0.991095 0.076915 0.000000 0.463103 -0.017978 0.886122 0.000000   0.166586 0.000000 0.000000 1.000000
                0.878278 0.137742 -0.457881 0.000000 -0.114045 0.990317 0.079157 0.000000 0.464351 -0.017303 0.885482 0.000000   0.166586 0.000000 0.000000 1.000000
                0.877620 0.142691 -0.457627 0.000000 -0.118916 0.989634 0.080521 0.000000 0.464373 -0.016247 0.885491 0.000000   0.166586 -0.000000 0.000000 1.000000
                0.877724 0.146562 -0.456201 0.000000 -0.123155 0.989092 0.080813 0.000000 0.463069 -0.014747 0.886200 0.000000   0.166586 0.000000 0.000000 1.000000
                0.878671 0.149130 -0.453539 0.000000 -0.126598 0.988735 0.079844 0.000000 0.460337 -0.012739 0.887653 0.000000   0.166586 -0.000000 0.000000 1.000000
                0.880912 0.150378 -0.448755 0.000000 -0.129071 0.988571 0.077902 0.000000 0.455341 -0.010703 0.890253 0.000000   0.166586 -0.000000 0.000000 1.000000
                0.884641 0.150540 -0.441303 0.000000 -0.130615 0.988562 0.075393 0.000000 0.447606 -0.009055 0.894185 0.000000   0.166586 -0.000000 0.000000 1.000000
                0.889537 0.149775 -0.431615 0.000000 -0.131378 0.988691 0.072322 0.000000 0.437566 -0.007629 0.899154 0.000000   0.166586 0.000000 0.000000 1.000000
                0.895278 0.148237 -0.420122 0.000000 -0.131504 0.988932 0.068704 0.000000 0.425656 -0.006261 0.904863 0.000000   0.166586 0.000000 0.000000 1.000000
                0.901552 0.146084 -0.407263 0.000000 -0.131136 0.989261 0.064551 0.000000 0.412319 -0.004789 0.911027 0.000000   0.166586 0.000000 0.000000 1.000000
                0.908065 0.143469 -0.393491 0.000000 -0.130415 0.989650 0.059870 0.000000 0.398008 -0.003049 0.917377 0.000000   0.166586 0.000000 0.000000 1.000000
                0.914549 0.140546 -0.379271 0.000000 -0.129484 0.990074 0.054660 0.000000 0.383188 -0.000879 0.923670 0.000000   0.166586 0.000000 0.000000 1.000000
                0.920770 0.137466 -0.365082 0.000000 -0.128487 0.990505 0.048904 0.000000 0.368338 0.001879 0.929690 0.000000   0.166586 -0.000000 0.000000 1.000000
                0.926523 0.134382 -0.351421 0.000000 -0.127572 0.990915 0.042576 0.000000 0.353950 0.005384 0.935249 0.000000   0.166586 -0.000000 0.000000 1.000000
                0.931633 0.131440 -0.338797 0.000000 -0.126896 0.991276 0.035635 0.000000 0.340525 0.009793 0.940185 0.000000   0.166586 -0.000000 0.000000 1.000000
                0.935953 0.128789 -0.327728 0.000000 -0.126625 0.991555 0.028032 0.000000 0.328570 0.015262 0.944356 0.000000   0.166586 -0.000000 0.000000 1.000000
                0.939352 0.126574 -0.318743 0.000000 -0.126941 0.991714 0.019712 0.000000 0.318597 0.021945 0.947636 0.000000   0.166586 -0.000000 0.000000 1.000000
                0.941706 0.124936 -0.312379 0.000000 -0.128047 0.991711 0.010622 0.000000 0.311117 0.029996 0.949898 0.000000   0.166586 -0.000000 0.000000 1.000000
                0.942886 0.124018 -0.309169 0.000000 -0.130176 0.991491 0.000719 0.000000 0.306627 0.039569 0.951007 0.000000   0.166586 0.000000 0.000000 1.000000
                0.942742 0.123958 -0.309633 0.000000 -0.133594 0.990986 -0.010024 0.000000 0.305599 0.050815 0.950803 0.000000   0.166586 0.000000 0.000000 1.000000
                0.940813 0.124584 -0.315198 0.000000 -0.139150 0.989979 -0.024044 0.000000 0.309045 0.066480 0.948721 0.000000   0.166586 0.000000 0.000000 1.000000
                0.936955 0.125587 -0.326103 0.000000 -0.147288 0.988175 -0.042627 0.000000 0.316893 0.087971 0.944373 0.000000   0.166586 0.000000 0.000000 1.000000
                0.931433 0.126901 -0.341069 0.000000 -0.157701 0.985409 -0.064030 0.000000 0.327967 0.113426 0.937855 0.000000   0.166586 -0.000000 0.000000 1.000000
                0.924523 0.128481 -0.358817 0.000000 -0.169996 0.981640 -0.086516 0.000000 0.341113 0.140983 0.929390 0.000000   0.166586 0.000000 0.000000 1.000000
                0.916559 0.130309 -0.378074 0.000000 -0.183622 0.977000 -0.108414 0.000000 0.355251 0.168790 0.919405 0.000000   0.166586 0.000000 0.000000 1.000000
                0.907961 0.132402 -0.397589 0.000000 -0.197834 0.971822 -0.128159 0.000000 0.369417 0.195020 0.908570 0.000000   0.166586 0.000000 0.000000 1.000000
                0.899254 0.134811 -0.416134 0.000000 -0.211698 0.966620 -0.144326 0.000000 0.382787 0.217880 0.897776 0.000000   0.166586 -0.000000 0.000000 1.000000
                0.891063 0.137619 -0.432513 0.000000 -0.224126 0.962053 -0.155633 0.000000 0.394682 0.235616 0.888094 0.000000   0.166586 -0.000000 0.000000 1.000000
                0.884100 0.140928 -0.445540 0.000000 -0.233938 0.958842 -0.160919 0.000000 0.404525 0.246497 0.880681 0.000000   0.166586 -0.000000 0.000000 1.000000
                0.879133 0.144844 -0.454032 0.000000 -0.239939 0.957666 -0.159078 0.000000 0.411769 0.248791 0.876669 0.000000   0.166586 -0.000000 0.000000 1.000000
                0.876361 0.150673 -0.457480 0.000000 -0.242280 0.958800 -0.148332 0.000000 0.416282 0.240831 0.876761 0.000000   0.166586 0.000000 0.000000 1.000000
                0.875288 0.159009 -0.456713 0.000000 -0.242051 0.961638 -0.129086 0.000000 0.418667 0.223535 0.880199 0.000000   0.166586 0.000000 0.000000 1.000000
                0.875629 0.168843 -0.452510 0.000000 -0.239603 0.965344 -0.103448 0.000000 0.419361 0.199005 0.885739 0.000000   0.166586 0.000000 0.000000 1.000000
                0.877060 0.179143 -0.445729 0.000000 -0.235312 0.969135 -0.073518 0.000000 0.418801 0.169365 0.892144 0.000000   0.166586 0.000000 0.000000 1.000000
                0.879211 0.188867 -0.437398 0.000000 -0.229496 0.972428 -0.041418 0.000000 0.417515 0.136796 0.898314 0.000000   0.166586 -0.000000 0.000000 1.000000
                0.881683 0.197000 -0.428750 0.000000 -0.222356 0.974921 -0.009303 0.000000 0.416165 0.103537 0.903375 0.000000   0.166586 0.000000 0.000000 1.000000
                0.884044 0.202580 -0.421220 0.000000 -0.213957 0.976625 0.020647 0.000000 0.415557 0.071870 0.906723 0.000000   0.166586 -0.000000 0.000000 1.000000
                0.885837 0.204721 -0.416392 0.000000 -0.204249 0.977827 0.046230 0.000000 0.416623 0.044096 0.908009 0.000000   0.166586 0.000000 0.000000 1.000000
                0.886559 0.202600 -0.415892 0.000000 -0.193136 0.979003 0.065209 0.000000 0.420371 0.022512 0.907073 0.000000   0.166586 0.000000 0.000000 1.000000
                0.886010 0.195924 -0.420239 0.000000 -0.179790 0.980599 0.078114 0.000000 0.427390 0.006345 0.904045 0.000000   0.166586 -0.000000 0.000000 1.000000
                0.884381 0.185422 -0.428356 0.000000 -0.163746 0.982634 0.087284 0.000000 0.437101 -0.007050 0.899385 0.000000   0.166586 -0.000000 0.000000 1.000000
                0.881723 0.171834 -0.439360 0.000000 -0.145535 0.984958 0.093154 0.000000 0.448758 -0.018194 0.893468 0.000000   0.166586 0.000000 0.000000 1.000000
                0.879121 0.155840 -0.450400 0.000000 -0.125908 0.987397 0.095889 0.000000 0.459667 -0.027589 0.887663 0.000000   0.166586 -0.000000 0.000000 1.000000
                0.875794 0.138216 -0.462472 0.000000 -0.105272 0.989756 0.096446 0.000000 0.471065 -0.035782 0.881373 0.000000   0.166586 0.000000 0.000000 1.000000
                0.871989 0.119689 -0.474668 0.000000 -0.084172 0.991867 0.095475 0.000000 0.482235 -0.043299 0.874971 0.000000   0.166586 0.000000 0.000000 1.000000
                0.868037 0.100992 -0.486120 0.000000 -0.063115 0.993596 0.093719 0.000000 0.492472 -0.050670 0.868852 0.000000   0.166586 0.000000 0.000000 1.000000
                0.864352 0.082859 -0.496014 0.000000 -0.042563 0.994847 0.092019 0.000000 0.501083 -0.058425 0.863425 0.000000   0.166586 -0.000000 0.000000 1.000000
                0.861416 0.066028 -0.503590 0.000000 -0.022937 0.995559 0.091298 0.000000 0.507382 -0.067095 0.859105 0.000000   0.166586 0.000000 0.000000 1.000000
                0.859759 0.051235 -0.508123 0.000000 -0.004641 0.995698 0.092545 0.000000 0.510678 -0.077208 0.856298 0.000000   0.166586 -0.000000 0.000000 1.000000
                0.859463 0.037509 -0.509821 0.000000 0.013122 0.995357 0.095353 0.000000 0.511030 -0.088642 0.854980 0.000000   0.166586 0.000000 0.000000 1.000000
                0.860077 0.023537 -0.509622 0.000000 0.031246 0.994629 0.098671 0.000000 0.509207 -0.100789 0.854722 0.000000   0.166586 0.000000 0.000000 1.000000
                0.861365 0.009543 -0.507897 0.000000 0.049457 0.993498 0.102543 0.000000 0.505573 -0.113446 0.855293 0.000000   0.166586 -0.000000 0.000000 1.000000
                0.863107 -0.004251 -0.505004 0.000000 0.067479 0.991969 0.106980 0.000000 0.500493 -0.126413 0.856461 0.000000   0.166586 0.000000 0.000000 1.000000
                0.865099 -0.017620 -0.501291 0.000000 0.085043 0.990067 0.111962 0.000000 0.494339 -0.139489 0.858005 0.000000   0.166586 0.000000 0.000000 1.000000
                0.867165 -0.030345 -0.497095 0.000000 0.101884 0.987841 0.117430 0.000000 0.487487 -0.152477 0.859713 0.000000   0.166586 -0.000000 0.000000 1.000000
                0.869150 -0.042212 -0.492744 0.000000 0.117752 0.985360 0.123289 0.000000 0.480326 -0.165178 0.861396 0.000000   0.166586 -0.000000 0.000000 1.000000
                0.870920 -0.053011 -0.488557 0.000000 0.132412 0.982710 0.129413 0.000000 0.473250 -0.177399 0.862881 0.000000   0.166586 -0.000000 0.000000 1.000000
                0.872362 -0.062537 -0.484843 0.000000 0.145643 0.979994 0.135646 0.000000 0.466660 -0.188947 0.864018 0.000000   0.166586 -0.000000 0.000000 1.000000
                0.873377 -0.070592 -0.481903 0.000000 0.157242 0.977325 0.141813 0.000000 0.460965 -0.199632 0.864673 0.000000   0.166586 0.000000 0.000000 1.000000
                0.873868 -0.076983 -0.480029 0.000000 0.167024 0.974823 0.147724 0.000000 0.456571 -0.209267 0.864725 0.000000   0.166586 -0.000000 0.000000 1.000000
                0.873737 -0.080987 -0.479608 0.000000 0.174694 0.972500 0.154035 0.000000 0.453944 -0.218370 0.863857 0.000000   0.166586 -0.000000 0.000000 1.000000
                0.873147 -0.082433 -0.480436 0.000000 0.180313 0.970308 0.161216 0.000000 0.452881 -0.227394 0.862085 0.000000   0.166586 -0.000000 0.000000 1.000000
                0.872375 -0.081955 -0.481919 0.000000 0.184225 0.968277 0.168822 0.000000 0.452795 -0.236057 0.859798 0.000000   0.166586 -0.000000 0.000000 1.000000
                0.871675 -0.080179 -0.483481 0.000000 0.186753 0.966435 0.176430 0.000000 0.453107 -0.244081 0.857390 0.000000   0.166586 0.000000 0.000000 1.000000
                0.871292 -0.077727 -0.484570 0.000000 0.188196 0.964812 0.183629 0.000000 0.453246 -0.251189 0.855261 0.000000   0.166586 0.000000 0.000000 1.000000
                0.871465 -0.075217 -0.484655 0.000000 0.188830 0.963451 0.190012 0.000000 0.452650 -0.257107 0.853818 0.000000   0.166586 0.000000 0.000000 1.000000
                0.872428 -0.073261 -0.483221 0.000000 0.188918 0.962403 0.195170 0.000000 0.450755 -0.261561 0.853467 0.000000   0.166586 -0.000000 0.000000 1.000000
                0.874410 -0.072469 -0.479745 0.000000 0.188718 0.961720 0.198694 0.000000 0.446982 -0.264277 0.854614 0.000000   0.166586 -0.000000 0.000000 1.000000
                0.877624 -0.073448 -0.473690 0.000000 0.188510 0.961453 0.200181 0.000000 0.440728 -0.264978 0.857640 0.000000   0.166586 0.000000 0.000000 1.000000
                0.882678 -0.076496 -0.463711 0.000000 0.188105 0.961692 0.199413 0.000000 0.430692 -0.263244 0.863254 0.000000   0.166586 -0.000000 0.000000 1.000000
                0.889544 -0.081149 -0.449585 0.000000 0.187208 0.962427 0.196692 0.000000 0.416731 -0.259132 0.871313 0.000000   0.166586 0.000000 0.000000 1.000000
                0.897466 -0.086875 -0.432444 0.000000 0.185972 0.963537 0.192385 0.000000 0.399963 -0.253081 0.880897 0.000000   0.166586 -0.000000 0.000000 1.000000
                0.905745 -0.093142 -0.413462 0.000000 0.184521 0.964903 0.186852 0.000000 0.381547 -0.245533 0.891143 0.000000   0.166586 -0.000000 0.000000 1.000000
                0.913774 -0.099420 -0.393869 0.000000 0.182927 0.966425 0.180446 0.000000 0.362705 -0.236937 0.901280 0.000000   0.166586 -0.000000 0.000000 1.000000
                0.921050 -0.105179 -0.374971 0.000000 0.181182 0.968022 0.173512 0.000000 0.344731 -0.227751 0.910654 0.000000   0.166586 0.000000 0.000000 1.000000
                0.927180 -0.109892 -0.358135 0.000000 0.179193 0.969642 0.166386 0.000000 0.328979 -0.218445 0.918725 0.000000   0.166586 -0.000000 0.000000 1.000000
                0.931853 -0.113030 -0.344780 0.000000 0.176788 0.971255 0.159404 0.000000 0.316852 -0.209494 0.925050 0.000000   0.166586 -0.000000 0.000000 1.000000
                0.934802 -0.114069 -0.336352 0.000000 0.173732 0.972848 0.152916 0.000000 0.309777 -0.201381 0.929238 0.000000   0.166586 0.000000 0.000000 1.000000
                0.936288 -0.113132 -0.332514 0.000000 0.169833 0.974499 0.146657 0.000000 0.307443 -0.193785 0.931626 0.000000   0.166586 -0.000000 0.000000 1.000000
                0.936854 -0.110824 -0.331695 0.000000 0.165109 0.976266 0.140157 0.000000 0.308290 -0.186073 0.932917 0.000000   0.166586 0.000000 0.000000 1.000000
                0.936624 -0.107333 -0.333490 0.000000 0.159618 0.978112 0.133489 0.000000 0.311863 -0.178260 0.933255 0.000000   0.166586 0.000000 0.000000 1.000000
                0.935697 -0.102850 -0.337481 0.000000 0.153428 0.979999 0.126732 0.000000 0.317697 -0.170361 0.932762 0.000000   0.166586 -0.000000 0.000000 1.000000
                0.934166 -0.097563 -0.343241 0.000000 0.146625 0.981891 0.119960 0.000000 0.325322 -0.162390 0.931555 0.000000   0.166586 0.000000 0.000000 1.000000
                0.932127 -0.091666 -0.350337 0.000000 0.139305 0.983753 0.113242 0.000000 0.334264 -0.154359 0.929753 0.000000   0.166586 0.000000 0.000000 1.000000
                0.929685 -0.085352 -0.358330 0.000000 0.131580 0.985554 0.106633 0.000000 0.344052 -0.146284 0.927485 0.000000   0.166586 0.000000 0.000000 1.000000
                0.926963 -0.078816 -0.366781 0.000000 0.123578 0.987266 0.100169 0.000000 0.354215 -0.138179 0.924899 0.000000   0.166586 -0.000000 0.000000 1.000000
                0.924104 -0.072258 -0.375248 0.000000 0.115438 0.988870 0.093866 0.000000 0.364289 -0.130060 0.922159 0.000000   0.166586 0.000000 0.000000 1.000000
